1;0;1479921536.42;(22993088370305830204370606940709824132354317121369760634672393586150841412446301012426049404525818765224954089478324166588748786073844832797781328567866814250593115210322263197100299430659549026601743749316096740117832646485139176673313337656686825948204346071519039570120348288823413763081082955891829775014L,);1479921536.42
1;1;1479921537.42;(54049838550771187381106720033213736730786237588471242892012786602110278825877534252761895846537409780259331259791320371823816523588408411110602855577832250489243067948682639353290568478739866217404481218764824644572463491528309715999222713926352232617487938745732583958344600491479146999789029444634666920099L,);1479921537.43
1;1;1479921554.35;(23685464058044724028778413253297645256571336526833759633666895867994985590582829537567431676756356043318096880222561973732651287160386041954557988155716389821164250879741529742125660373555923957142294033416616167332578467143500132633180572698409246239288704592038973142829867540721281460681818655648957223815L,);1479921554.36
1;2;1479921555.36;(48942706479017674193981401422909567629184324716265714875390580765652271018874398076047776601835505743045693563081673775450599656288092475467755195424808355851443859159190838190997385856517568120423754414254043641179445883761844017085494570736730746538913680184386868715301327284966460453770593453408568063267L,);1479921555.36
1;1;1479921576.39;(46164847063790675693525131761964682598753332764200793907483725418262783703190062616730500318818467291400646618554160318351448969145213664549091085289104756726470676597322975141740843382300293635333439950775275419936755894959068423320755674508053554769342328436871653079039813607025701063108081576955285601026L,);1479921576.39
1;1;1479921577.39;(29681761303638901738662400567898839892762640503184762484986929932053577663094647457055100075056733649078500813649051741321865881326310697318288480180072986251598900447684578441815254457175125356575800306672870252627176934488004433107630842216493000344918694644153896307333489827789259540191239853379831904533L,);1479921577.39
1;4;1479921578.39;(46900160210943218558321462331486850375210015186644431647575290302695460504947132984406909024804754534835858099595738564278888951563899359424364977811037871214177099024354171493061623537573529943817485914340606595088069879314983572763698160541122268063630692194266113565197351489632482051134871638870118874816L,);1479921578.4
1;5;1479921579.4;(1105108231972346927644079287088557508735872397473461926482668429200114135839531570846086585075773085463739575046577123280792125997144999433342290946371732376501837595603741234260708463812222930525144720399975478570995916602738033713025445160940733749314266832230578643243071622626059576777096255403755145911L,);1479921579.4
1;5;1479921580.4;(77461338195984931339386816280228850029388899535020958482767208370349037806663842264827692546369984839708984137442832118134551542837362779629363958728770316240810097270726333276377835796640150380926878033246443605128968216886736102607974881314744525800415891722956100808845333965329754748564246621201891269056L,);1479921580.41
1;6;1479921581.41;(36718424629219326038708802644337764444441117158348883300305380158633624653165922328261770980725480158605873717761774810811643705452588130205649910711823695274507257537773079986842130051793021018079248202008417966355516757364899385563654692427164493561231837626649709758396026206821920983329323435717126210557L,);1479921581.41
1;4;1479921582.41;(18009667344166135879913420209618461821548439162733681566380927236639507957605778374952175770125041041560113416837014656170735854064227960350230966305134582690366055335632075820908479223334714506810135046895655574391022354611438183656445098203619546344741838619476977452152253280616885954693639220161462176509L,);1479921582.41
1;6;1479921583.41;(92891149666199092054291312858093956413437059781902543412144859429539339703634005706532496449134554725664360048147761697363910892070058591994522899326373111364929805936832332135184813869132211334112100375249031244064064731882755449872385290921710043661117033040429675684785188942877559694048760712508598554249L,);1479921583.42
1;2;1479921584.42;(42969087534588715438100899170320343050247092290107625410577318502472456798774667730978742825235196814879456598312006207812328256564837641497051223496062670945833604625978096015238315093451224255594933645716308792498576383047905346273192951496609771652299602349244572266849786506881877857576073814614453724703L,);1479921584.42
1;3;1479921585.42;(30297066958403720596698912414917732831482987759053852687693615112630244707106337756914785556291063903411471326192929654543073482067876851228179125807378717556624102023500473936358029272325536858946702918589958131031341625212570139078315527697751221593946292939394793036771886533126582440955861275323875862688L,);1479921585.43
